3
59
5
0
3
57
11
265
3
52
11
249
3
50
11
208
3
22
3
12
3
71
19
23
11
167
3
52
11
84
3
24
3
12
3
73
18
23
11
73
3
51
11
63
3
15
11
52
3
72
5
0
3
96
3
53
16
5
0
3
69
5
0
3
74
3
76
20
27
3
61
5
0
3
97
3
54
16
5
0
3
71
5
0
3
12
3
73
20
3
15
3
58
3
69
3
96
23
3
12
16
12
3
11
3
60
20
14
17
20
3
55
6
0
21
20
5
0
3
12
3
72
16
3
97
16
3
18
3
97
3
14
14
3
5
3
50
14
3
95
14
15
17
13
3
11
3
73
3
96
17
19
3
11
3
71
16
20
3
74
3
49
23
20
23
5
0
3
69
3
3
3
12
17
3
73
20
3
99
23
13
5
0
3
13
3
72
16
3
18
3
98
3
92
3
60
21
13
17
18
3
54
6
0
18
18
5
0
3
69
3
74
3
8
23
3
9
19
3
96
23
14
5
0
3
13
3
72
16
3
15
3
99
3
92
3
59
21
14
17
20
3
57
6
0
20
18
5
0
3
81
3
50
3
98
17
20
27
3
97
3
94
16
5
0
34
